%YAML:1.0
calibration_time: "10/15/12 11:50:35"
nframes: 10
image_width: 1600
image_height: 1200
board_width: 12
board_height: 6
square_size: 1.
flags: 0
camera_matrix: !!opencv-matrix
   rows: 3
   cols: 3
   dt: d
   data: [ 8.9588391876075366e+003, 0., 7.2595960306549068e+002, 0.,
       8.9711736155029048e+003, 5.6165025349144537e+002, 0., 0., 1. ]
distortion_coefficients: !!opencv-matrix
   rows: 5
   cols: 1
   dt: d
   data: [ -7.2080889253602214e+000, 7.0639796461056177e+000,
       5.7471052882160936e-002, 7.5377988180508379e-002,
       5.6023990752542268e+003 ]
avg_reprojection_error: 8.6962611024382719e-001
per_view_reprojection_errors: !!opencv-matrix
   rows: 10
   cols: 1
   dt: f
   data: [ 9.14792597e-001, 8.98208320e-001, 8.16876590e-001,
       8.11624646e-001, 8.60153675e-001, 8.23520958e-001,
       8.01044583e-001, 8.68950546e-001, 9.46372688e-001,
       9.39377546e-001 ]
# a set of 6-tuples (rotation vector + translation vector) for each view
extrinsic_parameters: !!opencv-matrix
   rows: 10
   cols: 6
   dt: f
   data: [ -1.62770707e+034, -1.17627501e+000, -2.29460650e-029,
       -1.15761244e+000, -1.16622568e+034, -1.38448787e+000,
       -4.66335061e-038, -1.17047274e+000, -5.11702406e-018,
       -1.15885246e+000, .Nan, -1.36357534e+000, 4.41579408e+030,
       -1.01760745e+000, -1.50224794e+022, -1.21677792e+000,
       -2.28350634e+036, 1.53437626e+000, -1.05272064e+014,
       -1.13161695e+000, 2.89675062e-010, -1.19290614e+000, -81945640.,
       1.46274686e+000, -1.86025270e+035, 1.39580047e+000,
       7.96995158e+011, 1.28196597e+000, -2.30817345e+020,
       -1.65452290e+000, 3.32447377e+012, 1.37921989e+000,
       3.67091432e-039, 1.34991908e+000, 4.27597735e-009,
       -1.63108325e+000, 4.88975346e-002, 1.38743305e+000,
       -3.41265726e-013, 1.33965695e+000, 3.09133462e-016,
       -1.64492834e+000, 5.94452922e-006, 1.36866069e+000,
       1.54810156e-024, 1.33557618e+000, 9.23151339e+024,
       -1.54764426e+000, 8.79768240e+032, 1.25950933e+000,
       -3.87541362e-022, 1.37682259e+000, 4.39826228e-032,
       1.71083510e+000, -1.00649399e-015, 1.25701010e+000,
       -3.17315030e+034, 1.38066411e+000, 2.62203233e+037,
       1.70961499e+000 ]
