%YAML:1.0
calibration_time: "08/29/12 22:11:00"
nframes: 10
image_width: 1600
image_height: 1200
board_width: 12
board_height: 6
square_size: 5.0000000000000000e-001
flags: 0
camera_matrix: !!opencv-matrix
   rows: 3
   cols: 3
   dt: d
   data: [ 2.0330686458824715e+004, 0., 7.5392743477691261e+002, 0.,
       2.0201994703717868e+004, 6.0074188675519008e+002, 0., 0., 1. ]
distortion_coefficients: !!opencv-matrix
   rows: 5
   cols: 1
   dt: d
   data: [ -4.8154939507322695e+001, 6.6248434276742018e+003,
       -9.0853402505048433e-002, 1.5929291788890720e-001,
       1.5362092998678957e+001 ]
avg_reprojection_error: 1.5169483023778496e+000
per_view_reprojection_errors: !!opencv-matrix
   rows: 10
   cols: 1
   dt: f
   data: [ 9.85460937e-001, 9.98481989e-001, 1.01448298e+000,
       1.18399215e+000, 9.84025955e-001, 1.01367259e+000,
       1.43164217e+000, 1.44740999e+000, 1.65299690e+000,
       3.12079740e+000 ]
# a set of 6-tuples (rotation vector + translation vector) for each view
extrinsic_parameters: !!opencv-matrix
   rows: 10
   cols: 6
   dt: f
   data: [ 3.92539588e-033, 7.85103861e-033, 0., 5.00000000e-001, 0., 0.,
       0., 0., 0., 0., 0., 0., 0., 0., 0., 2.50000000e+000, 0., 0., 0.,
       0., 0., 0., 0., 0., 0., 0., 0., 4.50000000e+000, 0., 0., 0., 0.,
       0., 0., 0., 0., 0., 0., 0., 1.66136545e-040, 6.46236394e-027,
       1.66261260e-040, 7.85103861e-033, 2.02182706e-038, 0.,
       1.87500000e+000, 0., 0., 2.36942783e-038, 2.36942783e-038,
       2.36942783e-038, 2.36942783e-038, 2.36942783e-038,
       2.36942783e-038, 2.36942783e-038, 2.36942783e-038,
       2.36942783e-038, 2.36942783e-038, 2.36942783e-038,
       2.36942783e-038 ]
image_points: !!opencv-matrix
   rows: 10
   cols: 72
   dt: "2f"
   data: [ 7.90792542e+001, 3.44318390e+002, 1.79184509e+002,
       3.43416504e+002, 2.82452789e+002, 3.42163177e+002,
       3.89783478e+002, 3.41570740e+002, 5.00863617e+002,
       3.41901398e+002, 6.14871216e+002, 3.41823639e+002,
       7.29989624e+002, 3.43013672e+002, 8.45911865e+002,
       3.44497070e+002, 9.61308228e+002, 3.46852997e+002,
       1.07513391e+003, 3.49719849e+002, 1.18683655e+003,
       3.53043976e+002, 1.29636853e+003, 3.56490997e+002,
       7.61976471e+001, 4.53559601e+002, 1.75863007e+002,
       4.53565308e+002, 2.79336365e+002, 4.54032257e+002,
       3.87006073e+002, 4.54627289e+002, 4.98251099e+002,
       4.55530487e+002, 6.12543091e+002, 4.56880951e+002,
       7.28036194e+002, 4.58250671e+002, 8.44168091e+002,
       4.60292816e+002, 9.59786011e+002, 4.62184204e+002,
       1.07387195e+003, 4.64846375e+002, 1.18575964e+003,
       4.67339325e+002, 1.29546313e+003, 4.70240875e+002,
       7.46829834e+001, 5.62318665e+002, 1.73939346e+002,
       5.64209656e+002, 2.77307800e+002, 5.66025757e+002,
       3.85099426e+002, 5.68187561e+002, 4.96207001e+002,
       5.70029846e+002, 6.10498840e+002, 5.72065674e+002,
       7.25999329e+002, 5.74388306e+002, 8.42381592e+002,
       5.76244690e+002, 9.58216370e+002, 5.78261230e+002,
       1.07234741e+003, 5.80373779e+002, 1.18399377e+003,
       5.82427124e+002, 1.29333057e+003, 5.84207764e+002,
       7.41569748e+001, 6.71256104e+002, 1.73152451e+002,
       6.74814636e+002, 2.76474792e+002, 6.78088135e+002,
       3.83977203e+002, 6.81311340e+002, 4.95033203e+002,
       6.84442932e+002, 6.08967834e+002, 6.87420166e+002,
       7.24470337e+002, 6.90089966e+002, 8.40235168e+002,
       6.92339294e+002, 9.56006836e+002, 6.94014038e+002,
       1.06969641e+003, 6.95593628e+002, 1.18128076e+003,
       6.96700378e+002, 1.29026306e+003, 6.97900146e+002,
       7.50617294e+001, 7.79280090e+002, 1.74096756e+002,
       7.84515442e+002, 2.76869049e+002, 7.89448059e+002,
       3.83767151e+002, 7.93697144e+002, 4.94282593e+002,
       7.97915527e+002, 6.07966675e+002, 8.01860229e+002,
       7.22896362e+002, 8.04800720e+002, 8.38406494e+002,
       8.07358948e+002, 9.53344299e+002, 8.09022888e+002,
       1.06685913e+003, 8.09910828e+002, 1.17770435e+003,
       8.10226501e+002, 1.28628418e+003, 8.10579041e+002,
       7.72221222e+001, 8.86197693e+002, 1.76381546e+002,
       8.92950134e+002, 2.78199493e+002, 8.99283508e+002,
       3.84813293e+002, 9.04813538e+002, 4.94671448e+002,
       9.10109680e+002, 6.07515259e+002, 9.14844849e+002,
       7.21467102e+002, 9.18545593e+002, 8.36501282e+002,
       9.20787781e+002, 9.50322205e+002, 9.21890808e+002,
       1.06309351e+003, 9.22586731e+002, 1.17312146e+003,
       9.22179993e+002, 1.28120923e+003, 9.21706116e+002,
       7.91290741e+001, 3.44182068e+002, 1.79058304e+002,
       3.43492798e+002, 2.82457123e+002, 3.42111053e+002,
       3.89909119e+002, 3.41607422e+002, 5.00884094e+002,
       3.41872314e+002, 6.14963867e+002, 3.41938110e+002,
       7.30131836e+002, 3.42985535e+002, 8.45909058e+002,
       3.44521393e+002, 9.61275879e+002, 3.46776703e+002,
       1.07497131e+003, 3.49641571e+002, 1.18677087e+003,
       3.53099640e+002, 1.29641321e+003, 3.56406830e+002,
       7.62396011e+001, 4.53457428e+002, 1.75881210e+002,
       4.53553772e+002, 2.79260620e+002, 4.53949707e+002,
       3.87040192e+002, 4.54692657e+002, 4.98225403e+002,
       4.55555176e+002, 6.12624390e+002, 4.56919800e+002,
       7.27983521e+002, 4.58372528e+002, 8.44118958e+002,
       4.60205231e+002, 9.59842712e+002, 4.62213318e+002,
       1.07391418e+003, 4.64734650e+002, 1.18572852e+003,
       4.67340759e+002, 1.29544702e+003, 4.70351440e+002,
       7.46257782e+001, 5.62360718e+002, 1.73829163e+002,
       5.64381042e+002, 2.77322876e+002, 5.66043457e+002,
       3.85144928e+002, 5.68065796e+002, 4.96167328e+002,
       5.70145691e+002, 6.10656189e+002, 5.72170715e+002,
       7.26017883e+002, 5.74279053e+002, 8.42365234e+002,
       5.76303345e+002, 9.58187317e+002, 5.78259827e+002,
       1.07226221e+003, 5.80335876e+002, 1.18393787e+003,
       5.82328613e+002, 1.29326794e+003, 5.84159485e+002,
       7.42186432e+001, 6.71189453e+002, 1.73240662e+002,
       6.74660889e+002, 2.76595825e+002, 6.78074463e+002,
       3.84071991e+002, 6.81261658e+002, 4.95024506e+002,
       6.84404846e+002, 6.08993713e+002, 6.87467896e+002,
       7.24371338e+002, 6.90004272e+002, 8.40272095e+002,
       6.92327148e+002, 9.56029541e+002, 6.93905212e+002,
       1.06975635e+003, 6.95498108e+002, 1.18122961e+003,
       6.96698730e+002, 1.29027893e+003, 6.97908508e+002,
       7.49819183e+001, 7.79303101e+002, 1.73840881e+002,
       7.84347961e+002, 2.76716919e+002, 7.89338501e+002,
       3.83913727e+002, 7.93700012e+002, 4.94450134e+002,
       7.98027832e+002, 6.07922485e+002, 8.01982239e+002,
       7.22870361e+002, 8.04827637e+002, 8.38481140e+002,
       8.07370911e+002, 9.53352844e+002, 8.08956726e+002,
       1.06682874e+003, 8.09800415e+002, 1.17767090e+003,
       8.10355103e+002, 1.28626733e+003, 8.10534912e+002,
       7.72358322e+001, 8.86212585e+002, 1.76192749e+002,
       8.92858887e+002, 2.78234619e+002, 8.99210815e+002,
       3.84641785e+002, 9.04757141e+002, 4.94681793e+002,
       9.09971741e+002, 6.07388550e+002, 9.14846558e+002,
       7.21517517e+002, 9.18490051e+002, 8.36518982e+002,
       9.20834167e+002, 9.50352417e+002, 9.21935608e+002,
       1.06294189e+003, 9.22564270e+002, 1.17313403e+003,
       9.22163208e+002, 1.28115161e+003, 9.21765869e+002,
       3.41877899e+001, 4.02980835e+002, 1.32488449e+002,
       3.93495636e+002, 2.34177490e+002, 3.83314240e+002,
       3.40004639e+002, 3.73520996e+002, 4.49896576e+002,
       3.64136414e+002, 5.62681152e+002, 3.54400360e+002,
       6.77128052e+002, 3.45345367e+002, 7.92492798e+002,
       3.36918793e+002, 9.07797607e+002, 3.29287628e+002,
       1.02174475e+003, 3.22456573e+002, 1.13379309e+003,
       3.16194641e+002, 1.24369971e+003, 3.10312897e+002,
       4.04092216e+001, 5.11362244e+002, 1.38330109e+002,
       5.02909241e+002, 2.40158112e+002, 4.94528168e+002,
       3.46397522e+002, 4.85996033e+002, 4.56626923e+002,
